camera_name: usb_cam
image_width: 1280
image_height: 720
distortion_model: equidistant
camera_matrix:
    rows: 3
    cols: 3
    data:
       -  [799.8161994068041, 0.0, 565.7252594779399]
       -  [0.0, 791.9097242034314, 407.1790184223288]
       -  [0.0, 0.0, 1.0]
distortion_coefficients:
    rows: 4
    cols: 1
    data: [-0.29709219232338074, 0.4329070590027626, -0.4204129264963933, 0.15131072495959438]
rectification_matrix:
    rows: 3
    cols: 3
    data:
       -  [1.0, 0.0, 0.0]
       -  [0.0, 1.0, 0.0]
       -  [0.0, 0.0, 1.0]
projection_matrix:
    rows: 3
    cols: 4
    data:
       -  [799.8161994068041, 0.0, 565.7252594779399, 0.0]
       -  [0.0, 791.9097242034314, 407.1790184223288, 0.0]
       -  [0.0, 0.0, 1.0, 0.0]
