camera_name: usb_cam
image_width: 1280
image_height: 720
distortion_model: equidistant
camera_matrix:
    rows: 3
    cols: 3
    data:
       -  [645.8924586099585, 0.0, 636.4335906410416]
       -  [0.0, 646.3786321009001, 376.49651211258816]
       -  [0.0, 0.0, 1.0]
distortion_coefficients:
    rows: 4
    cols: 1
    data: [-0.0958204560919283, 0.023221594249907933, -0.015128244769445813, 0.003994592317009333]
rectification_matrix:
    rows: 3
    cols: 3
    data:
       -  [1.0, 0.0, 0.0]
       -  [0.0, 1.0, 0.0]
       -  [0.0, 0.0, 1.0]
projection_matrix:
    rows: 3
    cols: 4
    data:
       -  [645.8924586099585, 0.0, 636.4335906410416, 0.0]
       -  [0.0, 646.3786321009001, 376.49651211258816, 0.0]
       -  [0.0, 0.0, 1.0, 0.0]
